2
85
0 "V01"
1 "V02"
2 "V03"
3 "V04"
4 "V05"
5 "V06"
6 "V07"
7 "V08"
8 "V09"
9 "V10"
10 "V11"
11 "V12"
12 "V13"
13 "V14"
14 "V15"
15 "V16"
16 "V17"
17 "V18"
18 "V19"
19 "V20"
20 "V21"
21 "V22"
22 "V23"
23 "V24"
24 "V25"
25 "V26"
26 "V27"
27 "V28"
28 "V29"
29 "V30"
30 "A01"
31 "A02"
32 "A03"
33 "A04"
34 "A05"
35 "A06"
36 "A07"
37 "A08"
38 "A09"
39 "A10"
40 "A11"
41 "A12"
42 "A13"
43 "A14"
44 "A15"
45 "A16"
46 "A17"
47 "A18"
48 "A19"
49 "A20"
50 "A21"
51 "A22"
52 "A23"
53 "A24"
54 "A25"
55 "A26"
56 "A27"
57 "A28"
58 "A29"
59 "A30"
60 "A31"
61 "A32"
62 "A33"
63 "A34"
64 "A35"
65 "A36"
66 "A37"
67 "A38"
68 "A39"
69 "A40"
70 "A41"
71 "A42"
72 "A43"
73 "A44"
74 "A45"
75 "A46"
76 "A47"
77 "A48"
78 "A49"
79 "A50"
80 "A51"
81 "A52"
82 "A53"
83 "A54"
84 "A55"
317
0 30 4
0 46 3
0 55 4
0 61 3
0 70 4
0 79 4
0 83 3
0 84 4
1 37 3
1 38 3
1 45 4
1 49 3
1 52 3
1 65 5
1 67 3
1 69 4
1 74 4
1 76 3
1 78 3
1 81 4
1 84 3
2 42 3
2 43 3
2 53 3
2 55 3
2 61 3
2 62 3
2 66 3
2 70 3
2 71 5
2 76 4
2 78 3
2 79 3
2 84 4
3 37 4
3 38 3
3 58 3
3 68 5
3 70 3
3 74 3
3 76 5
3 77 3
3 82 3
4 48 3
4 49 3
4 50 3
4 60 3
4 74 3
5 35 3
5 36 3
5 41 3
5 42 3
5 43 3
5 46 3
5 50 3
5 54 3
5 58 3
5 64 5
5 67 3
5 68 4
5 71 4
5 81 3
5 83 3
6 30 3
6 37 3
6 44 3
6 58 3
6 66 3
6 71 5
6 77 3
6 78 4
6 79 3
6 84 3
7 33 3
7 35 3
7 37 4
7 38 5
7 42 3
7 43 3
7 45 4
7 51 3
7 56 3
7 65 5
7 67 3
7 69 3
7 70 3
7 71 4
7 77 3
7 78 3
7 81 3
7 84 5
8 39 3
8 47 3
8 59 3
8 63 3
8 67 3
8 73 3
8 74 3
8 81 3
9 53 3
9 55 3
9 56 4
9 61 3
9 62 3
9 65 3
9 66 3
9 68 5
9 70 3
9 76 3
9 78 5
9 79 3
9 84 6
10 32 3
10 40 3
10 41 3
10 47 3
10 48 5
10 49 3
10 50 5
10 55 3
10 58 3
10 60 3
10 61 5
10 68 3
10 70 3
10 71 4
10 72 4
10 74 5
10 76 3
10 77 3
10 79 3
10 80 3
10 84 3
11 42 3
11 43 3
11 53 3
11 55 3
11 61 3
11 62 3
11 66 3
11 68 5
11 70 3
11 71 6
11 76 4
11 79 3
11 83 3
11 84 3
12 32 4
12 41 3
12 45 5
12 48 3
12 50 3
12 58 3
12 63 3
12 67 3
12 68 4
12 71 3
12 72 3
12 73 3
12 81 3
12 84 3
13 32 3
13 33 3
13 35 3
13 37 3
13 38 3
13 39 3
13 45 6
13 52 3
13 59 3
13 63 3
13 64 3
13 65 4
13 67 3
13 74 3
13 78 4
13 81 3
13 84 3
14 35 3
14 49 3
14 52 3
14 56 3
14 65 3
14 67 4
14 69 3
14 74 3
14 75 3
15 30 3
15 48 5
15 58 3
15 59 3
15 60 3
15 63 3
15 68 3
15 70 3
15 73 3
15 84 3
16 37 3
16 46 3
16 53 3
16 66 3
16 77 3
16 78 3
16 84 3
17 33 3
17 52 4
17 69 3
17 78 3
18 40 3
18 49 3
18 60 3
18 61 3
18 74 4
18 76 4
19 37 3
19 48 3
19 60 3
19 66 4
19 68 4
19 74 3
19 75 3
19 76 5
19 78 3
19 82 3
20 30 3
20 31 3
20 37 4
20 41 3
20 44 3
20 50 3
20 58 3
20 68 6
20 71 6
20 77 3
20 78 3
20 79 3
21 32 3
21 35 4
21 45 5
21 48 5
21 50 3
21 59 3
21 60 3
21 67 4
21 72 4
21 74 5
21 75 3
21 76 3
21 80 3
22 30 3
22 36 3
22 39 3
22 42 3
22 43 3
22 54 3
22 59 3
22 63 3
22 64 3
22 71 4
22 74 3
22 79 3
22 83 3
23 31 3
23 32 4
23 37 3
23 45 3
23 47 3
23 48 3
23 53 4
23 62 3
23 63 3
23 66 3
23 68 3
23 71 3
23 72 3
23 76 3
23 78 3
24 37 3
24 38 3
24 45 3
24 52 4
24 59 3
24 65 4
24 69 4
24 74 4
25 52 3
25 53 5
25 56 3
25 62 3
25 65 3
25 66 3
25 69 3
25 76 3
25 78 5
25 84 4
26 52 3
26 56 3
26 84 3
27 48 3
27 60 3
27 74 3
27 76 3
28 33 3
28 37 3
28 40 3
28 51 3
28 52 3
28 56 4
28 61 3
28 75 3
28 76 3
28 84 3
29 52 3
29 56 3
29 65 3
29 69 3
29 84 3
